[[ -1.87846607e-03  -9.70354347e-03  -4.74954486e-03  -9.05947577e-02
    4.78546000e-02  -3.62216041e-02  -5.19974517e-02  -4.68663516e-03
   -4.57132086e-03  -1.87846607e-03  -9.24177828e-02   7.32848624e-02
    5.70801385e-04  -3.48490657e-02   1.12946248e-03   6.09096466e-03
    4.18051624e-02   3.85075741e-04   2.12205340e-03   2.69285479e-03
    1.87846607e-03  -4.64271038e-03  -5.33878981e-02   3.49110495e-02
   -4.74975125e-04   3.53226723e-02  -4.39465653e-02  -3.35735243e-02
   -1.30448439e-01  -3.78413188e-02  -8.27551085e-03  -3.69690920e-01
   -2.31753072e-02  -8.06332782e-01  -1.16609057e-03   1.09894451e-03
    2.18389657e-03   1.46416418e-02   2.89389282e-02  -3.29788515e-02
   -1.15015438e-02  -6.39486603e-03   3.94156073e-03   7.02894874e-05
    1.94950361e-03   1.98855307e-02   6.30086597e-03  -8.53787728e-03
   -7.54992124e-03  -3.58283079e-03  -4.72404738e-03  -3.63878885e-03
   -1.02434766e-04  -0.00000000e+00  -0.00000000e+00  -0.00000000e+00
   -0.00000000e+00  -7.82958653e-03  -1.81365548e-02  -8.51332263e-02
   -5.82114008e-03   1.15537109e-02  -3.26539660e-02   2.32767768e-03
    9.25130583e-04   1.10081957e-01   2.36434929e-04  -5.77174516e-03
    2.37670014e-03   1.39304110e-02  -0.00000000e+00   4.20614375e-03
   -1.06281568e-03  -2.22253740e-02  -8.15365215e-03  -0.00000000e+00
   -6.70510994e-03  -8.40600709e-03  -8.41501738e-03  -8.81311174e-04
   -2.24837329e-02  -7.20788141e-03  -7.20788141e-03  -7.20788141e-03
   -1.06281568e-03  -6.41700572e-03  -9.00967834e-03  -0.00000000e+00
   -7.20788141e-03  -6.70510994e-03  -2.20110160e-02  -8.81311174e-04
   -1.07399340e-01  -7.81245360e-03  -0.00000000e+00  -1.26507857e-01
   -2.91827467e-02  -2.08445571e-02  -3.48490657e-02  -8.43425627e-02
   -2.49446725e-02  -2.54802530e-02  -8.54208883e-02  -2.70315537e-02
   -9.70354347e-03  -9.70354347e-03  -1.16724377e-01  -1.22278541e-01
   -4.12000867e-02  -3.26539660e-02  -9.70354347e-03  -1.16152039e-01
   -8.18819322e-02  -1.16669097e-01  -1.23558165e-01  -2.39076221e-02
    0.00000000e+00]
 [  3.02201973e-03   1.00791410e-02   1.13318554e-02  -5.71516682e-02
    9.46466938e-02   3.87085446e-02   6.65596092e-03   8.48020485e-03
    8.05328750e-03   3.02201973e-03   2.75892247e-03   5.00917319e-02
   -6.38493302e-04   7.18496900e-03  -9.69357443e-04   4.19502279e-03
   -5.39773304e-02  -1.23067074e-03  -4.39277447e-03  -5.03126777e-03
   -3.02201973e-03   1.10656030e-02   2.47838496e-02  -7.56578144e-02
    1.41241544e-03  -7.70494452e-02   3.65444218e-01  -1.02221239e-01
    8.74667184e-01  -5.11779428e-02   1.35653050e-02  -1.78466909e-01
    3.06471934e-02  -7.85591105e-02  -9.42799449e-03  -1.88334440e-03
   -3.37073180e-03  -8.64346204e-03   1.89653798e-02   3.69538141e-02
    1.46756096e-04  -3.52943256e-02  -6.65858507e-03  -2.15501096e-04
   -4.93994965e-03  -1.35466534e-02   3.58211237e-02   8.18970453e-03
   -1.50890678e-02  -1.07161614e-02  -8.71098208e-05   3.20062858e-04
    4.80510564e-05  -0.00000000e+00  -0.00000000e+00  -0.00000000e+00
   -0.00000000e+00  -2.78560545e-02   6.72105807e-03   2.37533869e-03
    3.24127200e-03   6.18361435e-03   7.60520462e-03  -3.67303091e-03
   -8.47969765e-03   2.56562369e-03  -3.05411913e-04  -2.81271358e-04
   -6.20962178e-03  -2.60074298e-05  -0.00000000e+00  -6.69505064e-03
   -7.36581921e-03   1.17432513e-02   1.15892919e-02  -0.00000000e+00
   -1.10095380e-02   1.23471793e-02   1.23316802e-02  -7.77259002e-03
    1.16248671e-02   9.10459559e-03   9.10459559e-03   9.10459559e-03
   -7.36581921e-03  -1.30654591e-02   1.50677968e-02  -0.00000000e+00
    9.10459559e-03  -1.10095380e-02   1.03241237e-02  -7.77259002e-03
   -7.80779323e-03   1.02142795e-02  -0.00000000e+00   1.50373763e-02
    1.44388129e-02   8.48918522e-03   7.18496900e-03  -4.20067768e-02
    7.64771117e-03   9.03935706e-03  -4.36564793e-02   5.27092839e-03
    1.00791410e-02   1.00791410e-02   1.73463625e-02   1.61542400e-02
    3.49836831e-02   7.60520462e-03   1.00791410e-02   1.10309782e-02
   -3.67081221e-02   1.74481707e-02   1.53259308e-02   1.20316659e-02
    0.00000000e+00]
 [  4.44704629e-03   1.40301560e-02   2.78319749e-03   2.37118831e-01
   -1.74292161e-01   6.41011823e-02  -2.35862951e-03   1.29837302e-02
    1.28286647e-02   4.44704629e-03  -2.91584277e-02  -1.89951927e-01
   -1.92406018e-03   5.13952096e-03   2.92724205e-04  -1.66083482e-02
    2.42311578e-01   8.03544074e-04  -6.45755826e-03  -8.38161844e-03
   -4.44704629e-03   3.24392683e-03  -1.39140409e-02   2.79906900e-02
   -1.12804245e-03   2.90338324e-02  -1.04745270e-03   3.68227435e-03
    1.93613999e-01  -2.60233250e-02   5.88874648e-03   6.13638056e-01
    1.66737305e-03  -3.80872867e-01   2.95304542e-02   2.05339691e-04
   -2.60250547e-03  -2.82926698e-02  -4.86738195e-02  -7.39334794e-02
    5.52982224e-02   6.16522177e-02   3.60909312e-02   2.55763148e-04
   -2.80384194e-03  -4.87482588e-02  -8.17497389e-02   3.09746716e-02
    6.43896586e-02   3.30253050e-02   4.17869804e-03   7.28521625e-04
    4.98477834e-06  -0.00000000e+00  -0.00000000e+00  -0.00000000e+00
   -0.00000000e+00   1.11348455e-01   4.82756010e-02  -5.95572837e-02
   -1.67286824e-03  -3.41983207e-02   4.75596253e-03  -6.85412648e-03
    1.70253790e-02   7.61281672e-02   3.33884254e-03   8.25740172e-03
   -2.77610754e-03  -3.69744282e-02  -0.00000000e+00  -1.13011728e-02
    9.98568980e-03   3.46120252e-02   6.81187632e-03  -0.00000000e+00
    1.59056831e-02   5.82869954e-03   5.76617128e-03   1.34537944e-02
    3.44906241e-02   6.50153643e-03   6.50153643e-03   6.50153643e-03
    9.98568980e-03   1.64676424e-02   6.15110064e-03  -0.00000000e+00
    6.50153643e-03   1.59056831e-02   3.52138231e-02   1.34537944e-02
   -2.46757285e-03   5.76336074e-03  -0.00000000e+00  -3.10528746e-02
    6.67921833e-02   4.94000797e-02   5.13952096e-03   2.16971525e-01
    6.58494658e-02   6.63625763e-02   2.17669541e-01   7.21854248e-02
    1.40301560e-02   1.40301560e-02  -6.47870110e-02  -5.17152686e-02
    7.21304679e-02   4.75596253e-03   1.40301560e-02  -4.98860625e-02
    2.08163707e-01  -6.49133166e-02  -5.17451309e-02   6.15467211e-02
    0.00000000e+00]
 [ -9.94169960e-04  -1.85919850e-03  -2.13765195e-02  -6.21579524e-02
    1.18652546e-01  -1.03614411e-02  -4.78838034e-02  -3.84573033e-03
   -3.85765068e-03  -9.94169960e-04  -3.53252322e-01   4.55340815e-02
    3.72415390e-04   2.99136839e-01   2.19769139e-03   2.94259318e-03
   -7.83243171e-04   3.66709414e-04   2.49106533e-03   2.86348072e-03
    9.94169960e-04  -2.14199020e-02   2.18420865e-01  -7.96957104e-02
    2.66570255e-03  -8.26011473e-02   3.59968645e-02   2.57784660e-01
   -1.05941269e-03   2.41684362e-01  -4.66693645e-03   1.26954840e-01
   -1.73144432e-02  -5.54143734e-03   9.21987174e-03   1.02699685e-03
    1.82165155e-03   6.66140970e-03   1.67663302e-02   2.79977185e-01
   -2.09042437e-01  -9.04440893e-02  -6.74522575e-03  -2.18210864e-05
   -1.27972208e-03   4.99421488e-04  -1.66486372e-01  -8.35579652e-02
    8.31825826e-02   8.80969460e-02   4.89747216e-02   3.01411060e-02
    4.29281417e-04  -0.00000000e+00  -0.00000000e+00  -0.00000000e+00
   -0.00000000e+00  -3.78266545e-02  -1.08410159e-02  -3.21873246e-01
    2.48396226e-02   6.43745835e-03   2.80545241e-01   2.36515050e-03
   -3.21883047e-03   3.99035008e-02  -1.53400559e-03  -2.95032985e-02
    1.04423709e-03   7.48169544e-03  -0.00000000e+00   3.35932046e-03
   -8.25699462e-03  -1.29669695e-02  -5.49140151e-03  -0.00000000e+00
   -2.74269161e-02  -5.85543337e-03  -5.88843425e-03  -9.86202237e-03
   -1.33954002e-02  -4.51088480e-03  -4.51088480e-03  -4.51088480e-03
   -8.25699462e-03  -2.76762179e-02  -5.93292096e-03  -0.00000000e+00
   -4.51088480e-03  -2.74269161e-02  -1.26927682e-02  -9.86202237e-03
   -3.24987465e-02  -4.72794086e-03  -0.00000000e+00  -4.78141496e-02
   -1.23824581e-02  -1.27270382e-02   2.99136839e-01  -5.17487212e-02
   -1.33508188e-02  -1.31190754e-02  -5.44976090e-02  -1.17637955e-02
   -1.85919850e-03  -1.85919850e-03  -3.30710102e-02  -1.04385632e-02
   -2.22624621e-02   2.80545241e-01  -1.85919850e-03  -3.52283368e-02
   -5.12624078e-02  -3.30010209e-02  -1.33985520e-02  -1.25211527e-02
    0.00000000e+00]]
