[[ -4.41812972e-09  -1.03109594e-08  -2.08142119e-08   4.54212947e-08
   -9.89668065e-09  -8.84369477e-08   2.13006561e-08  -3.80623396e-01
    1.44685192e-08  -1.05701143e-07   7.84296852e-08   3.00158264e-08
   -4.78795660e-08   4.51102543e-08   4.87774330e-04  -2.29031379e-02
   -1.36761217e-22  -9.24446342e-01  -4.21342024e-08  -7.15295444e-08
   -1.12042899e-07   1.51155750e-09   2.24212973e-07  -1.07263057e-08
   -6.08596389e-08  -4.90054368e-08  -5.21971258e-07   3.11586661e-07
   -2.39747950e-07  -7.08694641e-07  -2.68120792e-08  -2.59549917e-08
   -1.07263057e-08  -6.73720142e-07   4.06733765e-07   3.33685130e-09
   -5.49233279e-08   1.65335022e-08   3.77673922e-08   2.36988135e-07
    4.66568404e-09   1.18918347e-08   1.52286860e-08   1.07263057e-08
   -4.85046739e-08  -3.65284170e-07   2.24588788e-07   8.85694951e-09
    2.15864440e-07  -4.07869711e-07   1.05997841e-07  -8.11784103e-07
    4.69828188e-08  -5.40054268e-08  -1.65702527e-06  -2.03379392e-07
   -3.58088207e-06  -3.13191428e-08   6.65837492e-09   1.36005796e-08
    9.43432841e-08   2.58515306e-07  -4.98977526e-08  -2.60296183e-07
   -6.46328257e-08   1.30952001e-09   3.99696216e-10   1.58339905e-08
    1.46238930e-07   1.27412904e-07  -2.56035069e-07  -5.11254032e-08
    4.44269098e-08  -8.42155014e-09  -1.87657034e-08   4.34990996e-10
    0.00000000e+00   0.00000000e+00   0.00000000e+00   0.00000000e+00
   -2.71212359e-07  -1.06523718e-07  -5.88763420e-07  -6.40403951e-08
    6.73542466e-08  -5.64120209e-08   1.31740107e-08   3.64280130e-08
    6.00497077e-07   4.95565428e-09  -3.91886274e-08   1.52691555e-08
    8.26234021e-08   0.00000000e+00   2.39003164e-08   2.57339636e-08
   -1.41413824e-07  -5.38129901e-08   0.00000000e+00   2.10261536e-09
   -5.62012039e-08  -5.62593393e-08   3.05372776e-08  -1.42156447e-07
   -4.73008273e-08  -4.73008273e-08  -4.73008273e-08   2.57339636e-08
    4.73560873e-09  -5.93663745e-08   0.00000000e+00  -4.73008273e-08
    2.10261536e-09  -1.39618004e-07   3.05372776e-08  -8.25869737e-07
   -5.10480026e-08   0.00000000e+00  -7.47873874e-07  -1.97120527e-07
   -1.30552095e-07  -5.49233279e-08  -4.82023893e-07  -1.54502839e-07
   -1.58003133e-07  -4.92950986e-07  -1.71479573e-07  -6.08596389e-08
   -6.08596389e-08  -6.70909404e-07  -7.07903624e-07  -2.79273392e-07
   -5.64120209e-08  -6.08596389e-08  -6.41947802e-07  -4.72705201e-07
   -6.70754196e-07  -7.04168678e-07  -1.49518829e-07   0.00000000e+00]
 [ -7.71799239e-08   3.34548244e-07   2.75523877e-07  -6.00163619e-07
    6.76153981e-08   4.05476093e-06   1.84273899e-06  -3.43464538e-01
   -2.19584603e-06   3.82183220e-06  -2.64812705e-06   9.15766754e-07
    1.82460015e-06  -3.91317198e-06  -4.40483824e-02   9.30638813e-01
    1.63453283e-21   1.18335266e-01   2.21524582e-07   4.08857948e-08
    3.88945538e-08  -9.68011488e-08  -2.04800920e-07   3.01707991e-07
    1.53006213e-06   1.06358299e-06   5.66696819e-06   1.62117010e-06
    4.90092469e-06   2.85927694e-06   6.64319271e-07   6.33711681e-07
    3.01707991e-07   1.33236273e-05  -4.79526075e-06  -5.47595246e-08
    4.28361429e-06  -1.44271028e-07  -4.22286289e-07  -1.14780920e-05
   -1.33619886e-07  -2.77244166e-07  -3.32003691e-07  -3.01707991e-07
    1.03263383e-06   8.77075089e-06  -7.56192948e-06   9.63924580e-08
   -7.65371594e-06   1.14350374e-05   5.34402684e-06   3.11284688e-05
    7.42878082e-06   1.53151860e-06   3.09329228e-05   4.08405976e-06
    1.03300267e-04  -2.04152035e-06  -2.57320242e-07  -3.52344201e-07
   -1.73044235e-06  -2.03170593e-06   1.05546639e-05  -3.08169786e-06
   -1.54340443e-06  -1.54190188e-06  -1.58469826e-08  -4.69663916e-07
   -1.85801149e-06   2.15239177e-06  -5.95736546e-07   7.10208396e-07
    8.21346412e-07  -1.12389068e-07  -6.47520459e-07  -6.25100831e-10
    0.00000000e+00   0.00000000e+00   0.00000000e+00   0.00000000e+00
   -4.55974511e-06   1.83551116e-06   1.11979445e-05   1.93060449e-06
   -7.48724570e-07   3.93256356e-06  -2.84873900e-07  -2.81870413e-07
   -1.55883669e-05  -4.56558857e-08   6.90291741e-07  -5.00204696e-07
   -1.24892927e-06   0.00000000e+00  -5.86581890e-07  -3.39216317e-07
    2.80825246e-06   1.46644869e-06   0.00000000e+00  -2.85704292e-07
    1.54410375e-06   1.54504514e-06  -3.90572901e-07   2.84461727e-06
    1.23909793e-06   1.23909793e-06   1.23909793e-06  -3.39216317e-07
   -3.51995575e-07   1.69583943e-06   0.00000000e+00   1.23909793e-06
   -2.85704292e-07   2.72238180e-06  -3.90572901e-07   8.94137241e-06
    1.40537528e-06   0.00000000e+00   1.79964849e-05   3.09078223e-06
    2.02232192e-06   4.28361429e-06   6.09614045e-06   2.14191493e-06
    2.23772581e-06   6.12869296e-06   2.34266588e-06   1.53006213e-06
    1.53006213e-06   1.54697244e-05   1.75742743e-05   5.49417754e-06
    3.93256356e-06   1.53006213e-06   1.55744548e-05   6.31635538e-06
    1.54753675e-05   1.77045265e-05   2.32629536e-06   0.00000000e+00]
 [  7.58308655e-07   4.21993350e-08   5.62215987e-07  -1.46939182e-06
    1.06715262e-07  -2.70926796e-06  -2.07772406e-06  -8.58543902e-01
    1.11672955e-06  -1.83294829e-06   9.77427923e-07  -4.46786436e-07
   -9.21990954e-07   2.22367432e-06   8.36921395e-03  -3.62551405e-01
    3.29754024e-21   3.62475925e-01   2.32730942e-08  -1.58293982e-07
    1.61965750e-07   2.53874808e-08  -5.25412164e-08  -3.81734182e-07
   -1.78074127e-06  -1.43795794e-06  -1.10451722e-05   3.71746890e-06
   -7.07030883e-06   2.04594664e-06  -9.89548542e-07  -9.69682838e-07
   -3.81734182e-07  -7.44967320e-06   8.24993593e-06   1.25946918e-07
   -2.05723356e-06   8.92055553e-08   1.11375772e-06  -1.05051050e-06
    1.34835216e-07   4.62001738e-07   5.87948656e-07   3.81734182e-07
   -1.42852151e-06  -1.61411311e-07   6.61431028e-06   2.83118438e-07
    6.33966190e-06  -7.45641161e-06  -2.43430805e-06  -2.20163910e-05
   -3.95293599e-06  -1.33590907e-06  -2.96813114e-05  -5.50375982e-06
   -5.42428560e-05  -6.05925853e-06   2.33138015e-07   4.03726659e-07
    2.49879258e-06   4.15322006e-06  -2.22620063e-07  -6.23726802e-06
    3.98845991e-07  -1.23251522e-06   4.68000947e-09   4.90074946e-07
    4.03480276e-06  -6.56663277e-06   3.42420421e-06  -1.75418223e-06
    1.65125968e-07   4.85642495e-08   1.56099496e-07   1.94337889e-09
    0.00000000e+00   0.00000000e+00   0.00000000e+00   0.00000000e+00
    9.69031899e-07  -3.14379460e-06  -1.04144194e-05   3.60957110e-07
    1.82049087e-06  -1.78114909e-06   4.88703844e-07   9.80044593e-08
    7.16431328e-06   9.38212922e-08   1.33467772e-06   4.52865698e-07
    2.27335657e-06   0.00000000e+00   8.70438026e-07   6.00308928e-07
   -3.35412512e-06  -1.28417236e-06   0.00000000e+00   1.22078413e-06
   -1.30073104e-06  -1.29688586e-06   6.85361842e-07  -3.38955866e-06
   -1.17201970e-06  -1.17201970e-06  -1.17201970e-06   6.00308928e-07
    1.31070216e-06  -1.41409119e-06   0.00000000e+00  -1.17201970e-06
    1.22078413e-06  -3.29582630e-06   6.85361842e-07  -7.18076667e-06
   -1.18457071e-06   0.00000000e+00  -9.93613277e-06  -5.90427068e-06
   -3.96339001e-06  -2.05723356e-06  -1.07140892e-05  -4.79212942e-06
   -4.86916510e-06  -1.05892084e-05  -5.03027097e-06  -1.78074127e-06
   -1.78074127e-06  -1.27958774e-05  -1.26022834e-05  -6.75285083e-06
   -1.78114909e-06  -1.78074127e-06  -1.28840972e-05  -1.03428251e-05
   -1.27870804e-05  -1.24869669e-05  -4.61258480e-06   0.00000000e+00]
 [  1.85822964e-06   3.12011919e-07  -1.03339259e-07  -2.74720886e-06
    6.88684142e-07   7.02033200e-06  -1.91726508e-06   7.76586709e-03
    2.10828469e-06   2.56215432e-06  -1.59270345e-06   1.32026643e-05
   -3.70986543e-06  -1.04821927e-05  -9.98994064e-01  -4.40829531e-02
   -2.50614537e-20  -2.63240541e-03   1.91867150e-07   4.43459549e-06
    7.21522142e-06  -1.69311336e-06  -1.01414668e-05   5.81069394e-07
    4.18460663e-06   1.04922759e-05  -5.42276938e-05   6.14262176e-05
    8.16539296e-06   1.44926448e-05  -2.59624700e-06  -3.22085757e-06
    5.81069394e-07   9.98376315e-06   3.47005354e-05   5.82636013e-07
    3.40167537e-05   1.12850726e-06   9.18196080e-06  -9.13486609e-05
   -8.83717052e-07   3.21929095e-06   3.80192696e-06  -5.81069394e-07
    9.83445531e-06   2.31209260e-06  -7.87391077e-05   2.47448277e-06
   -8.11500405e-05   2.29730118e-04  -9.20777351e-06   3.63268150e-04
    3.53699689e-05   1.14593385e-05  -9.97488490e-05   2.36372230e-05
    2.27301897e-04  -3.51375696e-05  -3.80560363e-06  -1.27262337e-06
    3.87094562e-06   2.49815514e-05   1.74175628e-05  -1.01386432e-06
   -4.11105421e-05   8.65771861e-07   6.68017424e-08  -2.25285320e-06
    2.33871798e-05   3.01213023e-05  -2.42469718e-05  -1.99785876e-05
   -2.64624222e-05   9.16251137e-06   1.00765677e-05   1.93273598e-07
    0.00000000e+00   0.00000000e+00   0.00000000e+00   0.00000000e+00
   -2.49234519e-05  -1.36967931e-05  -1.26828898e-06  -5.29174227e-06
    1.76410333e-05   3.36845186e-05   3.03056977e-06   1.44293601e-05
   -5.30406935e-05   1.84140186e-06  -4.05134896e-06  -6.39374056e-06
    1.12472927e-05   0.00000000e+00   2.44950037e-06   8.17546352e-06
    2.05410859e-07   1.01879274e-05   0.00000000e+00   1.83475445e-05
    1.16944934e-05   1.17210549e-05   1.01267615e-05   2.22165782e-07
    7.47120727e-06   7.47120727e-06   7.47120727e-06   8.17546352e-06
    1.94735653e-05   1.48181123e-05   0.00000000e+00   7.47120727e-06
    1.83475445e-05  -6.65701019e-07   1.01267615e-05   3.92822526e-05
    1.07281693e-05   0.00000000e+00   3.85740349e-05  -2.42610596e-05
   -1.87397855e-05   3.40167537e-05  -4.87582576e-05  -2.61720628e-05
   -2.38281918e-05  -4.78632895e-05  -2.65036264e-05   4.18460663e-06
    4.18460663e-06   2.42407661e-05   3.11079720e-05   1.16391375e-05
    3.36845186e-05   4.18460663e-06   3.72115701e-05  -4.81848167e-05
    2.41321254e-05   2.63913642e-05  -2.26419811e-05   0.00000000e+00]]
