[[  4.41813008e-09   1.03109599e-08   2.08142119e-08  -4.54212947e-08
    9.89668065e-09   8.84369477e-08  -2.13006561e-08   3.80623396e-01
   -1.44685192e-08   1.05701143e-07  -7.84296852e-08  -3.00158264e-08
    4.78795660e-08  -4.51102543e-08  -4.87774330e-04   2.29031379e-02
   -0.00000000e+00   9.24446342e-01   4.21342024e-08   7.15295444e-08
    1.12042899e-07  -1.51155750e-09  -2.24212973e-07]
 [  7.71799231e-08  -3.34548245e-07  -2.75523887e-07   6.00163634e-07
   -6.76153994e-08  -4.05476094e-06  -1.84273901e-06   3.43464549e-01
    2.19584604e-06  -3.82183220e-06   2.64812705e-06  -9.15766760e-07
   -1.82460016e-06   3.91317200e-06   4.40483825e-02  -9.30638817e-01
   -0.00000000e+00  -1.18335271e-01  -2.21524584e-07  -4.08857850e-08
   -3.88945315e-08   9.68011496e-08   2.04800889e-07]
 [ -7.58308664e-07  -4.21993321e-08  -5.62215982e-07   1.46939182e-06
   -1.06715262e-07   2.70926806e-06   2.07772412e-06   8.58543898e-01
   -1.11672960e-06   1.83294835e-06  -9.77427966e-07   4.46786459e-07
    9.21990999e-07  -2.22367441e-06  -8.36921461e-03   3.62551425e-01
   -0.00000000e+00  -3.62475924e-01  -2.32730896e-08   1.58293973e-07
   -1.61965779e-07  -2.53874833e-08   5.25412518e-08]
 [ -1.85822746e-06  -3.12012333e-07   1.03338239e-07   2.74720845e-06
   -6.88684503e-07  -7.02033055e-06   1.91726144e-06  -7.76587207e-03
   -2.10828565e-06  -2.56214931e-06   1.59270212e-06  -1.32026647e-05
    3.70986289e-06   1.04821920e-05   9.98994223e-01   4.40829144e-02
   -0.00000000e+00   2.63240728e-03  -1.91867332e-07  -4.43459502e-06
   -7.21521757e-06   1.69311305e-06   1.01414629e-05]]
